0.33811692653966596 0.08973714370562243
3200 113.36016
0.34663075743736954 0.045790315444615544
3200 113.33331
0.31918099230167013 0.09162845223483397
6400 49.365555
0.3451934368475992 0.08838116566742268
9600 25.723476
0.366221131263048 0.05644721425704854
12800 11.908122

-----------
0
0.8771451916515287 0.8598760797419595 0.3469515141752577 0.08532494896032605 0.3452198775773196 0.08274725952944359

-----------
0
0.8922557803675402 0.8785839163356939 0.36320070876288657 0.08516798484219278 0.32623228092783507 0.08256591865349343

-----------
0
0.8835097209751078 0.8610965297651579 0.3591736469072165 0.08526826409885695 0.34660921391752575 0.08475733655049045
ncaps: 5 routit: 7 n_iter: 2
ncaps: 5 routit: 7 n_iter: 2
ncaps: 7 routit: 7 n_iter: 2

-----------
0
0.8689350983017469 0.8541841951969797 0.3439110824742268 0.08379966933398528 0.3486227448453608 0.08378919116799227
ncaps: 5 routit: 7 n_iter: 2
ncaps: 7 routit: 1 n_iter: 2

-----------
0
0.873461602240491 0.8547688552493791 0.3432667525773196 0.0834547460666057 0.3477770618556701 0.08370720979959227
ncaps: 7 routit: 7 n_iter: 1

-----------
0
0.8158573844018022 0.7802276678071254 0.36448936855670105 0.3399294311291354 0.36032135953608246 0.33817641989828834
ncaps: 7 routit: 7 n_iter: 2

-----------
0
0.8741605391670244 0.8557213409015604 0.3439110824742268 0.08379966933398528 0.3486227448453608 0.08378919116799227
ncaps: 7 routit: 7 n_iter: 2

-----------
0
0.871997951426593 0.8538520976678783 0.3439110824742268 0.08379966933398528 0.3486227448453608 0.08378919116799227
ncaps: 7 routit: 7 n_iter: 2
ncaps: 7 routit: 7 n_iter: 2
0.37214078608247425 0.08838366742585552
1600 13.748575

-----------
0
0.9103657181280755 0.849134596158696 0.37214078608247425 0.08838366742585552 0.35732119845360827 0.08755665333999335
ncaps: 7 routit: 7 n_iter: 2
0.38516833118556704 0.08574280164290095
1600 9.5192375

-----------
0
0.8890644856311106 0.8494037488903529 0.38516833118556704 0.08574280164290095 0.36857683634020616 0.0846658729810019
ncaps: 7 routit: 7 n_iter: 2
ncaps: 7 routit: 7 n_iter: 2
0.34542177713987476 0.018213141023174825
3200 25.315334
0.33816381784968685 0.08670513296855632
6400 14.758116
0.3445512297755741 0.000368414589217733
9600 9.820824
0.34844320850730687 0.017213322716919607
12800 8.155838
0.34383562760960334 0.0016783331286585616
16000 7.0650215
0.37424566153444677 0.023388960755895225
19200 4.3589077
0.3913834159707724 0.011026727652567089
22400 3.4500055

-----------
0
0.8829167504870935 0.8272258096717023 0.33816381784968685 0.08670513296855632 0.33943192197286015 0.08668761186193102
